	Value	Asf_L	Asf_H	EoMToOdrB_L	EoMToOdrB_H	EoMToOdrM_L	EoMToOdrM_H	EoMToOdrV_L	EoMToOdrV_H	Owm_L	Owm_H	Prdt_L	Prdt_H	Prit_L	Prit_H	PrwN_L	PrwN_H	POw_L	POw_H	Poces_L	Poces_H	RrHnMT_L	RrHnMT_H	RdHwROom_L	RdHwROom_H	RdROnH_L	RdROnH_H	SoRstprp_L	SoRstprp_H	SoRstRpp_L	SoRstRpp_H	SoRstdpp_L	SoRstdpp_H	SoRstMpd_L	SoRstMpd_H	TtrRss_L	TtrRss_H	TadB_L	TadB_H	TadM_L	TadM_H	TadV_L	TadV_H	TsfBH_L	TsfBH_H	TsfBRO_L	TsfBRO_H	TsfMHr_L	TsfMHr_H	TsfMROr_L	TsfMROr_H	TsrHrtROnH_L	TsrHrtROnH_H	Tsfi_L	Tsfi_H
ADF effect strength initiating heroin with Rx OUD	1e-06	1e-06	0.0231689	1e-06	1e-06	4.09678e-05	1e-06	4.29283e-05	1e-06	3.64412e-06	1e-06	1e-06	1e-06	1e-06	1.3319e-06	1e-06	1e-06	1e-06	1e-06	1e-06	1.01159e-06	1e-06	1e-06	1e-06	1e-06	0.000284316	1e-06	1e-06	1.4279e-06	1e-06	1e-06	1e-06	3.49743e-06	0.0610798	1e-06	1e-06	1e-06	1e-06	1e-06	1e-06	1e-06	1e-06	0.0267621	1e-06	1e-06	1e-06	1e-06	1e-06	1e-06	2.14547e-06	1.51084e-05	1e-06	1e-06	0.391308	1.21969e-06
Base survival probability H OD relative to Rx	0.980638	0.983578	0.969412	0.980341	0.97859	0.912333	0.974508	0.969278	0.976957	0.988658	0.967092	0.979397	0.973582	0.978079	0.976354	0.973431	0.966892	0.976587	0.972933	0.974254	0.973398	0.982609	0.979043	0.975602	0.978212	0.974585	0.971004	0.977968	0.983972	0.969416	0.984026	0.968439	0.973398	0.972523	0.975822	0.969435	0.971338	0.979962	0.974717	0.962425	0.967154	0.975377	0.916176	0.979691	0.974621	0.974985	0.974757	0.979937	0.976341	0.973624	0.966142	0.968558	0.974505	0.978246	0.9782
Base survival probability Rx OD	0.973391	0.972839	0.973392	0.973555	0.973321	0.963516	0.973141	0.972528	0.970828	0.958639	0.970702	0.97395	0.973432	0.973534	0.97309	0.973917	0.973396	0.975891	0.972579	0.975562	0.962535	0.972718	0.973522	0.973395	0.97157	0.961226	0.972835	0.974489	0.978539	0.972701	0.972758	0.973646	0.97425	0.973391	0.972874	0.973782	0.973282	0.973103	0.97385	0.973391	0.972644	0.973583	0.955619	0.973366	0.973046	0.974196	0.973293	0.973547	0.973041	0.973711	0.974378	0.972904	0.973238	0.972412	0.97261
Developing HUD rate no Rx OUD	0.05	0.05	0.05	0.05	0.05	0.05	0.05	0.05	0.05	0.05	0.05	0.05	0.05	0.05	0.05	0.05	0.0500246	0.05	0.05	0.05	0.05	0.05	0.05	0.05	0.05	0.05	0.05	0.05	0.0593205	0.0500002	0.05	0.05	0.05	0.05	0.05	0.05	0.05	0.05	0.05	0.05	0.0500023	0.05	0.05	0.05	0.05	0.05	0.05	0.05	0.05	0.05	0.05	0.05	0.0500026	0.05	0.05
Developing HUD rate with Rx OUD	0.534512	0.536132	0.539033	0.539351	0.545394	0.595159	0.546061	0.539876	0.543831	0.596147	0.492496	0.539783	0.562624	0.542013	0.546826	0.53029	0.5408	0.611103	0.565675	0.533323	0.52585	0.548464	0.535888	0.558586	0.559089	0.548636	0.557406	0.534512	0.513287	0.581125	0.547166	0.574638	0.535413	0.534512	0.560429	0.548628	0.539853	0.544277	0.532965	0.548656	0.564185	0.545152	0.59308	0.542368	0.566069	0.541087	0.54704	0.545278	0.581454	0.541499	0.557785	0.570666	0.55479	0.584077	0.534795
Developing Rx OUD rate	0.029716	0.0297839	0.0264074	0.029773	0.0289643	0.0282492	0.0283101	0.0292509	0.0283942	0.0265066	0.030972	0.0296846	0.0288882	0.0290706	0.0295065	0.0293716	0.0288768	0.0275787	0.0290932	0.0299434	0.0270592	0.029347	0.0297773	0.0284914	0.0288682	0.0287077	0.0286455	0.0285407	0.0219388	0.0279524	0.0286329	0.0293467	0.0289077	0.0266733	0.0290126	0.0288184	0.0293112	0.0379469	0.0296425	0.0289379	0.0289927	0.029176	0.0246991	0.0524665	0.027851	0.029278	0.0292617	0.0294539	0.0285026	0.0289765	0.0281969	0.0288419	0.0285552	0.0293838	0.0291116
Fentanyl effect on base survival max relative to H	0.735793	0.751046	0.643402	0.733364	0.72431	0.8	0.732517	0.790739	0.685997	0.685568	0.797474	0.730298	0.677385	0.719765	0.705957	0.692332	0.642737	0.696633	0.658711	0.704042	0.577537	0.743262	0.728682	0.674302	0.703532	0.692749	0.664282	0.660586	0.786074	0.651989	0.752923	0.793942	0.691641	0.634274	0.702231	0.665319	0.674088	0.726273	0.701586	0.793051	0.772202	0.702594	0.8	0.729223	0.685134	0.701884	0.698081	0.730779	0.694908	0.692944	0.797104	0.641148	0.693532	0.720754	0.715475
Fentanyl effect on OD rate H max	2.0	2.0	2.0	2.0	2.0	5.14252	2.16548	2.92827	2.0	2.0	3.16842	2.0	2.0	2.0	2.0	2.0	2.0	2.0	2.0	2.0	2.0	2.0	2.0	2.0	2.0	2.0	2.0	2.0	2.0	2.0	2.0	2.932	2.0	2.0	2.0	2.0	2.0	2.0	2.0	3.24601	2.8624	2.0	5.13501	2.0	2.0	2.0	2.0	2.0	2.0	2.0	3.07769	2.0	2.0	2.0788	2.0
Fraction Nx kits to H users	0.937116	0.932466	0.95	0.937723	0.939557	0.95	0.943493	0.947034	0.939156	0.919368	0.945419	0.939435	0.944518	0.940507	0.941943	0.945977	0.95	0.94494	0.94674	0.947067	0.939912	0.933839	0.939034	0.945414	0.939209	0.943253	0.947665	0.947889	0.938246	0.948797	0.931523	0.946863	0.946823	0.95	0.942238	0.95	0.947259	0.93779	0.944222	0.95	0.946623	0.943794	0.95	0.93815	0.943483	0.945043	0.943973	0.938097	0.942348	0.946114	0.949864	0.94957	0.944526	0.931777	0.939353
Heroin availability strength developing HUD	1e-06	1e-06	1e-06	1.01117e-06	1.03092e-06	1e-06	1e-06	1e-06	1e-06	1e-06	1e-06	1e-06	9.53471e-05	1e-06	1e-06	1e-06	1e-06	1e-06	1e-06	1e-06	1e-06	1e-06	1e-06	1e-06	1e-06	1e-06	1e-06	1e-06	1e-06	1e-06	1e-06	1e-06	1e-06	1e-06	1e-06	1e-06	1e-06	1e-06	1e-06	1e-06	1e-06	1e-06	1e-06	1e-06	1e-06	1e-06	1.00083e-06	1e-06	1e-06	1e-06	6.55068e-06	1e-06	1e-06	1e-06	1e-06
Heroin availability strength initiating NDHU no Rx	1e-06	1e-06	1e-06	1e-06	1e-06	1e-06	1e-06	1e-06	1e-06	1e-06	1e-06	1e-06	1e-06	1e-06	1e-06	1e-06	1e-06	1e-06	1e-06	1e-06	1.02047e-06	1e-06	1e-06	1e-06	1e-06	1e-06	1e-06	1e-06	1e-06	1e-06	1e-06	1e-06	1e-06	1e-06	1e-06	1e-06	1e-06	1e-06	1e-06	1e-06	1e-06	1e-06	1e-06	1e-06	1e-06	1e-06	1e-06	1e-06	1e-06	1.5344e-06	1e-06	1e-06	1e-06	1e-06	1e-06
Heroin availability strength net quit NDHU	1.46412	1.4972	1.45339	1.45666	1.5496	1.94253	1.45942	1.4651	1.52914	1.61382	1.57781	1.45256	1.47013	1.47603	1.46165	1.50099	1.41773	1.25927	1.27503	1.38412	1.74933	1.50448	1.45744	1.36419	1.49564	1.59945	1.49151	1.46513	1.52614	1.76059	1.45972	1.46322	1.46772	1.41554	1.48454	1.48249	1.47822	1.44169	1.44567	1.51621	1.59817	1.47234	1.7951	1.40816	1.456	1.52809	1.5176	1.46379	1.45666	1.4602	1.44469	1.47207	1.46131	1.58314	1.45485
Initial stock correction[RXM]	1.14759	1.15766	1.1925	1.1628	1.16315	1.16159	1.18744	1.18997	1.16054	1.2	1.11846	1.1621	1.19389	1.15486	1.1777	1.15425	1.19369	1.19828	1.16374	1.14877	1.19562	1.15503	1.15033	1.18834	1.16511	1.19263	1.18171	1.17073	1.2	1.19072	1.17986	1.16519	1.18111	1.2	1.17658	1.17862	1.16359	1.16158	1.14768	1.2	1.18798	1.16997	1.2	1.15181	1.19227	1.16313	1.15874	1.16864	1.2	1.16764	1.18707	1.2	1.19498	1.2	1.16028
Initial stock correction[NDH]	1.2	1.2	1.2	1.2	1.2	1.2	1.2	1.2	1.2	1.2	1.17916	1.2	1.2	1.2	1.19999	1.2	1.2	1.2	1.2	1.2	0.827114	1.2	1.2	1.2	1.2	1.2	1.2	1.2	1.2	1.2	1.2	1.2	1.2	1.2	1.2	1.2	1.2	1.2	1.2	1.2	1.19577	1.2	1.2	1.2	1.2	1.2	1.2	1.2	1.2	1.2	1.2	1.2	1.2	1.2	1.2
Initial stock correction[OUB]	1.13256	0.903467	1.13256	0.955812	0.916435	0.937803	1.13256	1.13256	0.999286	1.07266	0.990855	1.13255	1.13256	0.903009	1.13256	1.0175	1.13256	1.13256	1.13256	1.13257	1.02492	0.849133	0.915912	1.13256	1.13256	1.13256	1.13257	1.13256	0.850729	1.13256	1.13256	1.13256	1.13257	1.13256	1.13256	1.13256	1.13256	1.13256	1.04766	1.13256	1.13256	1.13258	0.877293	1.0175	1.13256	0.937807	1.09805	1.13258	1.13256	1.13257	1.13256	1.13256	1.13256	1.13256	1.13256
Initial stock correction[OUM]	0.8	0.8	0.85	0.8	0.8	0.8	0.8	0.8	0.8	0.8	0.8	0.8	0.8	0.8	0.8	0.8	0.8	0.8	0.8	0.8	0.8	0.8	0.8	0.802652	0.8	0.8	0.8	0.8	0.8	0.8	0.8	0.8	0.8	1.2	0.8	0.8	0.8	0.8	0.8	0.8	0.8	0.8	0.8	0.8	0.8	0.8	0.8	0.8	0.8	0.8	0.8	0.8	0.8	1.07731	0.8
Initial stock correction[OUV]	1.06029	0.819931	1.06029	0.920104	0.873938	0.859036	1.06029	1.06029	0.943566	1.19459	1.08633	1.06029	1.06029	1.05245	1.06029	1.12395	1.06029	1.06029	1.06029	1.0603	1.01267	0.934976	0.941106	1.06029	1.06029	1.06029	1.06029	1.06029	1.14451	1.06029	1.0603	1.06029	1.06029	1.06029	1.06029	1.06029	1.06029	1.06029	1.02238	1.06029	1.06029	1.0603	1.02398	1.12396	1.0603	0.85903	1.18704	1.06037	1.0603	1.06029	1.06029	1.06029	1.06029	1.06029	1.06029
Initial stock correction[OUT]	0.984126	0.968447	0.985208	0.967394	1.00631	0.96608	1.00079	0.965564	1.02989	1.08859	0.962506	0.968826	1.00599	1.00011	0.987063	0.990896	0.984353	1.08316	0.976723	0.971931	1.01447	1.00989	0.969372	0.983045	1.00703	0.992349	0.997647	1.03725	1.11384	1.03913	1.00025	0.959641	0.993078	1.02101	0.988271	0.999086	0.98611	0.991148	0.986578	0.982583	1.02435	0.984584	1.1128	0.985103	1.01571	0.991784	0.991155	0.981206	0.998231	0.996668	0.983372	0.984163	0.992666	0.984126	0.984338
Initial stock correction[OUR]	0.8	0.8	0.8	0.8	0.8	0.8	0.8	0.8	0.8	0.8	0.8	0.8	0.8	0.8	0.8	0.8	0.8	0.8	0.8	0.8	0.8	0.8	0.8	0.8	0.8	0.8	0.8	0.8	0.810139	0.8	0.8	0.8	0.8	0.8	0.8	0.8	0.8	0.8	0.8	0.8	0.8	0.8	0.8	0.8	0.8	0.8	0.8	0.8	0.8	0.8	0.8	0.8	0.8	0.8	0.8
Initial stock correction[OUS]	0.8	0.8	0.8	0.8	0.8	0.8	0.8	0.8	0.8	0.8	0.8	0.8	0.8	0.8	0.8	0.8	0.8	0.8	0.8	0.8	0.8	0.8	0.8	0.8	0.8	0.8	0.8	0.8	0.8	0.8	0.8	0.8	0.8	0.8	0.8	0.8	0.8	0.8	0.8	0.8	0.8	0.8	0.8	0.8	0.8	0.8	0.8	0.8	0.8	0.8	0.8	0.8	0.8	0.8	0.8
Initial stock correction[OHB]	0.919736	1.15826	0.919736	0.949757	1.13071	0.837773	0.919749	0.919738	0.952466	1.12327	0.916654	0.919736	0.919736	0.906289	0.919739	1.13536	0.919736	0.91974	0.919736	0.919741	0.891723	1.13631	1.15888	0.919736	0.919741	0.919736	0.919736	0.919736	0.970662	0.919736	0.919742	0.919736	0.919736	0.919736	0.919738	0.919736	0.919736	0.919736	1.04576	0.919736	0.919736	0.919741	1.15539	1.13535	0.919746	0.837774	1.00075	0.919757	0.919736	0.920289	0.919736	0.919736	0.919744	0.919736	0.919736
Initial stock correction[OHM]	0.8	0.8	0.803027	0.8	0.8	0.8	0.8	0.8	0.8	0.8	0.8	0.8	0.8	0.8	0.800481	0.8	0.8	1.2	0.8	0.8	0.8	0.8	0.8	0.8	0.8	0.8	0.8	0.8	0.8	0.8	0.8	0.8	0.8	1.19966	0.8	0.8	0.8	0.8	0.8	0.958774	0.8	0.8	0.8	0.8	0.8	0.8	0.8	0.8	0.8	0.8	0.8	0.8	0.8	1.09348	0.8
Initial stock correction[OHV]	1.05315	0.927005	1.05315	1.0354	1.19032	0.812388	1.05315	1.05316	0.92447	0.938942	1.00589	1.05316	1.05315	0.945556	1.05315	0.992233	1.05315	1.05315	1.05315	1.05315	1.08028	0.996928	1.08021	1.05315	1.05315	1.05317	1.05315	1.05315	0.924148	1.05315	1.05315	1.05315	1.05315	1.05315	1.05316	1.05315	1.05315	1.05315	0.98189	1.05315	1.05315	1.05315	1.0572	0.992244	1.05315	0.812381	0.967646	1.05315	1.05315	1.05315	1.05315	1.05315	1.05315	1.05315	1.05315
Initial stock correction[OHT]	1.2	1.2	1.2	1.2	1.2	1.2	1.2	1.2	1.2	1.2	1.05854	1.2	1.2	1.2	1.2	1.2	1.2	1.12405	1.2	1.2	1.2	1.2	1.2	1.2	1.2	1.2	1.2	1.2	1.2	1.2	1.2	1.2	1.2	1.2	1.2	1.2	1.2	1.2	1.2	1.2	1.2	1.2	1.2	1.2	1.19992	1.2	1.2	1.2	1.2	1.2	1.2	1.2	1.2	1.2	1.2
Initial stock correction[OHR]	0.8	0.8	0.8	0.8	0.8	0.8	0.8	0.8	0.8	0.8	0.8	0.8	0.8	0.8	0.8	0.8	0.8	0.8	0.8	0.8	0.8	0.8	0.8	0.8	0.8	0.8	0.8	0.8	0.8	0.8	0.8	0.8	0.8	0.8	0.8	0.8	0.8	0.8	0.8	0.8	0.8	0.8	0.8	0.8	0.8	0.8	0.8	0.8	0.8	0.8	0.8	0.8	0.8	0.8	0.8
Initial stock correction[OHS]	0.8	0.8	0.8	0.8	0.8	0.8	0.8	0.8	0.8	0.8	0.8	0.8	0.8	0.8	0.8	0.8	0.8	0.8	0.8	0.8	0.8	0.8	0.8	0.8	0.8	0.8	0.8	0.8	0.8	0.8	0.8	0.8	0.800001	0.8	0.8	0.8	0.8	0.8	0.8	0.8	0.8	0.8	0.8	0.8	0.8	0.8	0.8	0.8	0.8	0.8	0.8	0.8	0.8	0.8	0.8
Initial stock correction[HUB]	0.948642	0.989005	0.948642	1.03108	1.00626	1.14554	0.948643	0.948642	1.003	0.90952	0.94021	0.948643	0.948649	1.06319	0.948644	0.933003	0.948642	0.948642	0.948645	0.948645	0.873328	1.10288	0.924784	0.948642	0.948642	0.948642	0.948642	0.948642	1.05577	0.948645	0.948643	0.948642	0.948644	0.948642	0.948648	0.948652	0.948642	0.948642	0.819558	0.948642	0.948642	0.948642	1.08326	0.932996	0.948658	1.14554	1.19514	0.948648	0.948642	0.948644	0.948642	0.948661	0.948642	0.948642	0.948642
Initial stock correction[HUM]	1.2	1.2	1.2	1.2	1.2	1.2	1.2	1.2	1.2	1.2	1.2	1.2	1.2	1.2	1.2	1.2	1.2	1.2	1.2	1.2	1.2	1.2	1.2	1.2	1.2	1.2	1.2	1.2	1.2	1.2	1.2	1.2	1.2	1.19999	1.2	1.2	1.2	1.2	1.2	1.19697	1.2	1.2	1.2	1.2	1.2	1.2	1.2	1.2	1.2	1.2	1.2	1.2	1.2	1.2	1.2
Initial stock correction[HUV]	1.09595	1.2	1.09595	0.989328	0.805477	1.04694	1.09595	1.09595	0.851321	0.931582	1.0636	1.09597	1.09595	1.0935	1.09595	0.941284	1.09595	1.09595	1.09595	1.09597	0.933501	0.958507	1.12024	1.09595	1.09595	1.09595	1.09595	1.09595	0.828236	1.09595	1.09595	1.09595	1.09595	1.09595	1.09595	1.09595	1.09595	1.09595	1.18032	1.09596	1.09595	1.09595	1.19713	0.941286	1.09595	1.04696	0.934234	1.09597	1.09595	1.09597	1.09595	1.09595	1.09595	1.09595	1.09595
Initial stock correction[HUT]	0.8	0.8	0.8	0.8	0.8	0.8	0.8	0.8	0.8	0.8	0.8	0.8	0.8	0.8	0.8	0.8	0.8	0.8	0.8	0.8	0.8	0.8	0.8	0.8	0.8	0.8	0.8	0.8	0.8	0.8	0.8	0.8	0.8	0.8	0.8	0.8	0.8	0.8	0.8	0.8	0.8	0.8	0.8	0.8	0.8	0.800001	0.8	0.8	0.8	0.8	0.8	0.8	0.8	0.8	0.8
Initial stock correction[HUR]	1.2	1.2	1.2	1.2	1.2	0.8	1.2	1.2	1.2	1.2	1.2	1.2	1.2	1.2	1.2	1.2	1.2	1.2	1.2	1.2	1.1939	1.2	1.2	1.2	1.2	1.2	1.2	1.2	1.2	1.2	1.2	1.1994	1.2	1.2	1.2	1.2	1.2	1.2	1.2	1.2	1.2	1.2	0.869471	1.2	1.2	1.2	1.2	1.2	1.2	1.2	1.2	1.2	1.2	1.2	1.2
Initial stock correction[HUS]	1.2	1.2	1.2	1.2	1.2	1.2	1.2	1.2	1.2	1.2	1.2	1.2	1.2	1.2	1.2	1.2	1.2	1.2	1.2	1.2	1.2	1.2	1.2	1.2	1.2	1.2	1.2	1.2	1.2	1.2	1.2	1.2	1.2	1.2	1.2	1.2	1.2	1.2	1.2	1.2	1.2	1.2	1.2	1.2	1.2	1.2	1.2	1.2	1.2	1.2	1.2	1.2	1.2	1.2	1.2
Initiating heroin no Rx base	119578.0	119854.0	119804.0	119646.0	119661.0	118273.0	120375.0	119586.0	120250.0	119559.0	120987.0	119653.0	118329.0	119556.0	125182.0	119330.0	121246.0	118165.0	120591.0	119779.0	118536.0	119828.0	119732.0	121150.0	119541.0	119867.0	119725.0	119578.0	114890.0	120226.0	119749.0	118704.0	119801.0	119865.0	119551.0	120136.0	119990.0	119755.0	119933.0	117474.0	120409.0	119466.0	117862.0	119354.0	119880.0	119918.0	119681.0	119401.0	119689.0	119366.0	120063.0	117170.0	119916.0	119922.0	119662.0
Initiating Rx misuse diverted base	1879840.0	1873720.0	1876870.0	1848190.0	1893700.0	2070690.0	1892720.0	1880340.0	1923990.0	1891030.0	1913560.0	1873900.0	1897520.0	1891990.0	1857050.0	1906610.0	1973840.0	1865530.0	1913830.0	1869200.0	2015760.0	1923190.0	1873130.0	1958900.0	1886290.0	1891440.0	1895590.0	1899230.0	2166310.0	1883890.0	1856370.0	1927900.0	1884570.0	1879840.0	1906100.0	1913390.0	1890300.0	1908140.0	1872880.0	1916870.0	1955950.0	1877840.0	2035130.0	1902010.0	1897890.0	1866180.0	1875900.0	1847360.0	1858620.0	1875160.0	1929840.0	1892590.0	1916570.0	1887910.0	1890690.0
Initiation rate heroin with Rx misuse	0.0133614	0.0133521	0.0133641	0.0133535	0.0136391	0.0141285	0.0131797	0.0130128	0.0132079	0.0142885	0.0127616	0.0132756	0.0137874	0.0135413	0.0134824	0.0133339	0.0132395	0.013339	0.0133109	0.0130517	0.0136928	0.0134951	0.0133041	0.0138154	0.0135195	0.0133252	0.013445	0.0140004	0.0136934	0.0137443	0.0133198	0.0135938	0.0134002	0.0133476	0.0134519	0.0133432	0.0133862	0.013347	0.0131697	0.0131854	0.0133561	0.0134082	0.0147299	0.0133289	0.0133641	0.0133214	0.0134782	0.0133928	0.0138234	0.013315	0.013403	0.014341	0.0132347	0.0136666	0.013372
Initiation rate heroin with Rx OUD relative to Rx misuse	4.26793	4.32429	4.29738	4.28834	4.15764	4.35606	4.28228	4.33938	4.49536	3.97682	4.14185	4.36951	4.20473	4.24342	4.29574	4.30616	4.25924	4.23894	4.38717	4.40342	3.2817	4.20772	4.30357	4.35475	4.28287	4.49176	4.37299	4.26793	4.82041	4.26681	4.34911	4.18765	4.27783	4.26793	4.24112	4.32459	4.2659	4.19592	4.35795	4.34983	4.25257	4.28066	3.54259	4.2732	4.44233	4.34794	4.23256	4.30746	4.25501	4.32044	4.31704	4.14837	4.38145	4.26793	4.30132
Initiation rate Rx misuse own Rx	0.0346416	0.0352294	0.0342259	0.0349946	0.0348834	0.0374409	0.0364983	0.0354696	0.0350945	0.0355564	0.035038	0.0353672	0.0334743	0.0350223	0.0358068	0.0346772	0.0368223	0.0355868	0.034869	0.0353006	0.0346392	0.0348442	0.0349139	0.0350245	0.034631	0.0357878	0.0352264	0.0369487	0.0363182	0.0348705	0.0349817	0.0353771	0.0351954	0.0360002	0.0355563	0.0360681	0.034737	0.0343546	0.0348855	0.03438	0.0350031	0.0347973	0.0349499	0.0348755	0.0346909	0.0351329	0.0351208	0.0349319	0.0359711	0.0353561	0.0366697	0.0346252	0.035392	0.0353282	0.0351317
Net quit rate heroin with Rx misuse	0.0923572	0.0968776	0.0948971	0.091932	0.102604	0.140563	0.0897634	0.0877397	0.0987502	0.108117	0.108141	0.0914795	0.0935903	0.0947027	0.0952996	0.0970446	0.0974277	0.0915401	0.0799268	0.0820714	0.111547	0.0970179	0.0922003	0.10647	0.0953823	0.111539	0.0947985	0.0923572	0.0864494	0.127531	0.0916798	0.0978239	0.0942001	0.0923572	0.0952681	0.0930502	0.094647	0.0917463	0.0902586	0.0950021	0.103444	0.0929255	0.126659	0.086381	0.095191	0.0993417	0.0992146	0.0929032	0.0958668	0.0912567	0.0913764	0.101354	0.0896492	0.0988058	0.0908974
Net quit rate heroin with Rx OUD	0.102272	0.100766	0.111605	0.101079	0.0973548	0.0566416	0.0897093	0.0886014	0.109604	0.0871972	0.0611408	0.103971	0.0997084	0.101423	0.115923	0.101718	0.104538	0.0971663	0.100447	0.102746	0.0793993	0.102294	0.100877	0.146311	0.109055	0.118636	0.113869	0.102272	0.16334	0.113495	0.111127	0.0761246	0.0972872	0.102272	0.094336	0.104566	0.103457	0.0989441	0.102751	0.101157	0.100984	0.102411	0.0359081	0.103842	0.107164	0.103131	0.101346	0.105034	0.119815	0.101984	0.10027	0.145606	0.117636	0.102272	0.103485
Net quit rate NDHU	0.5	0.5	0.499864	0.5	0.5	0.5	0.499999	0.5	0.5	0.5	0.5	0.5	0.5	0.5	0.5	0.5	0.5	0.487731	0.499989	0.5	0.5	0.5	0.5	0.5	0.5	0.5	0.5	0.5	0.491817	0.5	0.5	0.5	0.5	0.49999	0.5	0.5	0.5	0.5	0.5	0.499999	0.5	0.5	0.5	0.5	0.5	0.5	0.5	0.5	0.5	0.5	0.498288	0.499989	0.5	0.5	0.5
Net quit rate Rx misuse	0.14317	0.14592	0.153345	0.145904	0.150835	0.167761	0.165599	0.154375	0.152246	0.180739	0.12857	0.148515	0.161883	0.147096	0.14883	0.146778	0.155053	0.159796	0.158836	0.143315	0.173904	0.148069	0.142701	0.159445	0.150053	0.157268	0.160132	0.176003	0.195899	0.15726	0.153452	0.163411	0.156616	0.175198	0.15436	0.158329	0.149374	0.147829	0.142337	0.153843	0.16354	0.149803	0.174935	0.146528	0.160408	0.14877	0.148257	0.148095	0.161721	0.150656	0.16728	0.164429	0.159964	0.174505	0.149072
NSDUH misuse redefinition fixed effect	0.440093	0.441504	0.460644	0.438399	0.442283	0.433304	0.430081	0.434668	0.449663	0.425028	0.453723	0.4395	0.43047	0.43701	0.442287	0.439532	0.448573	0.438133	0.440199	0.442594	0.428319	0.436372	0.439908	0.440508	0.442285	0.444149	0.433731	0.38	0.459491	0.442947	0.436725	0.421815	0.439142	0.44	0.438322	0.440487	0.435826	0.437296	0.445362	0.446477	0.435326	0.437517	0.427249	0.436511	0.445629	0.44259	0.441251	0.437141	0.444431	0.443698	0.431484	0.440841	0.448278	0.439718	0.443283
Nx kit distribution efficiency	0.00034343	0.000345124	0.000348776	0.000343198	0.000342055	0.000340898	0.000336505	0.000339271	0.000343307	0.000351537	0.000340549	0.000342812	0.000340285	0.000342107	0.000342474	0.000340883	0.000340879	0.000342385	0.000340607	0.000340106	0.000341444	0.00034415	0.00034275	0.000339595	0.000342998	0.000342115	0.000339926	0.00034343	0.000340349	0.000340378	0.000345609	0.000340055	0.000340139	0.000348519	0.000341679	0.00033987	0.000340172	0.000343949	0.000341014	0.000339342	0.000339945	0.000341191	0.000335076	0.000343151	0.000343182	0.000340359	0.000341511	0.000343253	0.00034209	0.00034053	0.0003391	0.000342404	0.000341041	0.000342446	0.000342808
Overdose rate base HUD	0.16737	0.177004	0.132792	0.167055	0.15951	0.066549	0.147654	0.139318	0.144555	0.142344	0.130341	0.164703	0.141807	0.158516	0.151512	0.145385	0.127719	0.150948	0.145751	0.144725	0.0917368	0.172432	0.162352	0.149181	0.151585	0.146851	0.134796	0.133948	0.199336	0.131595	0.178467	0.139851	0.145672	0.134569	0.148904	0.133749	0.138096	0.163503	0.148977	0.126049	0.132597	0.150023	0.0646712	0.163434	0.146105	0.150497	0.147764	0.164891	0.150439	0.145406	0.135507	0.13201	0.14724	0.157651	0.15809
Overdose rate NDHU relative to HUD	0.25	0.25	0.25	0.25	0.25	0.25	0.25	0.25	0.25	0.25	0.25	0.25	0.25	0.25	0.25	0.25	0.25	0.25	0.25	0.25	0.918366	0.25	0.25	0.25	0.25	0.25	0.25	0.25	0.307977	0.250002	0.25	0.25	0.25	0.25	0.25	0.25	0.25	0.25	0.25	0.25	0.25	0.25	0.25	0.25	0.25	0.25	0.25	0.25	0.25	0.25	0.25	0.250016	0.25	0.25	0.25
Overdose rate base Rx misuse	0.001	0.001	0.00430013	0.001	0.001	0.001	0.001	0.001	0.001	0.001	0.001	0.001	0.001	0.001	0.001	0.001	0.00148761	0.00168028	0.001	0.001	0.001	0.001	0.001	0.00329983	0.001	0.00100305	0.001	0.00777599	0.001	0.001	0.001	0.001	0.001	0.01	0.001	0.001	0.001	0.001	0.001	0.001	0.00100004	0.001	0.001	0.001	0.001	0.001	0.001	0.001	0.001	0.001	0.001	0.001	0.001	0.00630174	0.001
Overdose rate base Rx OUD	0.251252	0.246408	0.237908	0.253465	0.250282	0.178539	0.248204	0.247692	0.228722	0.160237	0.225728	0.25768	0.25284	0.252861	0.249578	0.256741	0.248243	0.258611	0.259779	0.261899	0.18769	0.244829	0.252841	0.246996	0.235249	0.252609	0.247176	0.251252	0.314996	0.245406	0.245308	0.253256	0.260362	0.232653	0.246833	0.256428	0.25097	0.248682	0.256384	0.249894	0.242038	0.254138	0.146694	0.251664	0.247851	0.259682	0.251172	0.253157	0.250386	0.254831	0.260237	0.248495	0.249827	0.21482	0.245281
Overdose rate synth baseline	0.00722299	0.00765913	0.00551997	0.00717982	0.00692436	0.00737435	0.00707245	0.0084569	0.00617922	0.00610736	0.00841157	0.00711367	0.00603614	0.0068443	0.00652937	0.00626646	0.0054222	0.00612596	0.00607612	0.00621781	0.00500003	0.00739351	0.00705566	0.00601455	0.00649235	0.00635914	0.00580924	0.0060245	0.00911147	0.00556528	0.00770693	0.00859467	0.00625801	0.00560944	0.0064742	0.00579313	0.00593168	0.00699158	0.00644369	0.00833091	0.00778341	0.00646936	0.00712496	0.00706143	0.00616273	0.00647085	0.00637121	0.00711669	0.0063769	0.00627531	0.00868931	0.00547885	0.00630219	0.00695093	0.00677606
Perceived risk strength initiating heroin with Rx use	0.92771	0.920424	0.960506	0.936909	0.905017	0.579943	0.876702	0.876117	0.841456	0.948823	0.745885	0.930133	0.925552	0.903948	0.939154	0.865465	0.925921	0.934644	0.945096	0.896889	0.81967	0.951329	0.948092	0.937004	0.924194	0.921509	0.915231	0.92771	0.778067	0.91718	0.966798	0.912982	0.857305	0.856628	0.921786	0.905574	0.908251	0.922248	0.887545	0.898055	0.907066	0.917296	0.671298	1.02784	0.869857	0.901134	0.893584	0.946563	0.92234	0.885088	0.906107	0.923888	0.928232	0.92771	0.886454
Perceived risk strength initiating NDHU no Rx	0.271356	0.281825	0.270544	0.278361	0.271648	0.180488	0.248992	0.229416	0.252147	0.296445	0.214723	0.275753	0.238967	0.267046	0.268815	0.261922	0.254449	0.247521	0.27614	0.266042	0.308491	0.274259	0.271596	0.313175	0.26976	0.271278	0.260431	0.246369	0.542379	0.260598	0.299599	0.234071	0.28827	0.254402	0.27053	0.248127	0.244949	0.283837	0.266194	0.191387	0.268822	0.265259	0.163295	0.275173	0.246152	0.265028	0.255821	0.281085	0.268999	0.271609	0.251505	0.264777	0.269374	0.271356	0.259591
Perceived risk strength initiating Rx misuse diverted	0.555569	0.538711	0.556438	0.521226	0.567118	0.706139	0.587049	0.524427	0.612398	0.62256	0.576456	0.543261	0.548132	0.571979	0.527624	0.574805	0.607895	0.550228	0.578447	0.542872	0.68839	0.606821	0.542319	0.649895	0.55433	0.565532	0.562311	0.555569	0.890659	0.55684	0.544223	0.592096	0.547176	0.561324	0.58017	0.570429	0.565047	0.577967	0.551176	0.539317	0.58536	0.547357	0.809102	0.57514	0.575549	0.539809	0.554619	0.524275	0.455061	0.546392	0.570366	0.553882	0.555463	0.568389	0.559541
Perceived risk strength initiating Rx misuse own Rx	0.565856	0.582081	0.596927	0.567806	0.591448	0.674705	0.651273	0.58138	0.627086	0.663172	0.569016	0.583715	0.515801	0.583591	0.684333	0.574146	0.671282	0.706311	0.558303	0.584734	0.580953	0.585525	0.567012	0.601968	0.581877	0.612163	0.593916	0.565856	0.763987	0.609187	0.588069	0.540287	0.589021	0.565856	0.602911	0.630877	0.564251	0.556789	0.582862	0.641099	0.599218	0.569289	0.658933	0.570574	0.597045	0.595749	0.592143	0.571313	0.607854	0.601133	0.628597	0.5373	0.609486	0.608859	0.588239
Perceived risk strength net quit heroin with Rx OUD	1e-06	1.04606e-06	0.0363463	1e-06	1e-06	1e-06	3.35987e-05	1.50436e-06	1e-06	1e-06	0.0021043	1e-06	0.302053	1e-06	1e-06	1e-06	1e-06	0.488939	0.0645475	1e-06	1e-06	1e-06	1e-06	0.0392851	1e-06	0.185664	1e-06	1e-06	1e-06	1e-06	1e-06	1e-06	1e-06	1e-06	1e-06	1e-06	1e-06	1e-06	1e-06	0.00192501	1e-06	1e-06	1.28312e-06	1e-06	0.116408	1e-06	1e-06	1e-06	0.00152165	1e-06	1e-06	1e-06	1e-06	0.0667348	1e-06
Perceived risk strength net quit NDHU	1e-06	1e-06	1e-06	1e-06	1e-06	1e-06	1e-06	1e-06	1e-06	1e-06	1e-06	1e-06	1e-06	1e-06	1e-06	1.02626e-06	1e-06	1e-06	1e-06	1e-06	1e-06	1e-06	1e-06	1e-06	1e-06	1e-06	1e-06	1e-06	1e-06	1e-06	2.00431e-06	1e-06	1e-06	1e-06	1e-06	1e-06	1e-06	1e-06	1e-06	1.39122e-06	1e-06	1e-06	1e-06	1e-06	1e-06	1.01094e-06	1e-06	1e-06	1e-06	1e-06	1e-06	1e-06	1e-06	1e-06	1e-06
Perceived risk strength net quit NDHU with Rx	1e-06	1e-06	1e-06	1e-06	1e-06	1e-06	1.09454e-06	1e-06	1e-06	1e-06	1e-06	1.14856e-06	1e-06	1e-06	1e-06	1e-06	1e-06	1e-06	1e-06	1e-06	1e-06	1e-06	1e-06	1e-06	1e-06	1e-06	1e-06	1e-06	1e-06	1e-06	1e-06	1e-06	1e-06	1e-06	1e-06	1e-06	1e-06	1e-06	1e-06	1e-06	1e-06	1e-06	1e-06	1e-06	1e-06	1e-06	1e-06	1e-06	1e-06	1e-06	1e-06	1e-06	1e-06	1e-06	1e-06
Perceived risk strength net quit Rx misuse	0.559232	0.536182	0.558127	0.52206	0.536426	0.350474	0.334843	0.439202	0.552911	0.328457	0.64711	0.501394	0.490261	0.532126	0.538015	0.538642	0.493926	0.536018	0.450662	0.54053	0.387712	0.528274	0.54494	0.544373	0.542411	0.519513	0.429744	0.559232	0.333097	0.541216	0.490155	0.372976	0.460102	0.552949	0.505111	0.465754	0.501826	0.527822	0.572273	0.535478	0.520487	0.505528	0.397365	0.513554	0.494158	0.535678	0.526754	0.514894	0.551707	0.525321	0.360602	0.49943	0.492074	0.459662	0.53552
Relapse rate HUD	0.583015	0.581391	0.579144	0.584742	0.576609	0.543636	0.586482	0.578488	0.570723	0.575188	0.561549	0.580488	0.596964	0.582085	0.594944	0.581995	0.621574	0.594713	0.56338	0.581183	0.55902	0.546838	0.616735	0.585788	0.580912	0.625243	0.589115	0.583015	0.566459	0.577915	0.5909	0.576446	0.57453	0.583015	0.580008	0.583887	0.579713	0.584931	0.574073	0.565996	0.590749	0.583249	0.541044	0.579314	0.58214	0.585533	0.572401	0.584319	0.568623	0.582295	0.57709	0.583015	0.597733	0.598409	0.473451
Relapse rate Rx OUD relative to HUD	0.137539	0.136347	0.14443	0.136367	0.138482	0.304556	0.137102	0.139588	0.139219	0.14027	0.148519	0.136588	0.123436	0.136797	0.154401	0.136573	0.129413	0.127392	0.134407	0.136657	0.253592	0.110034	0.162167	0.128821	0.138742	0.120771	0.132835	0.137539	0.291632	0.139385	0.135875	0.140818	0.140292	0.120019	0.136609	0.135686	0.137822	0.138635	0.13745	0.141943	0.132412	0.136892	0.235114	0.139538	0.131233	0.134218	0.140175	0.136596	0.135479	0.135829	0.20775	0.125909	0.129686	0.137547	0.160679
Remission rate Rx OUD relative to HUD	1.0	1.0	1.0	1.0	1.0	1.42316	1.00329	1.01185	1.0	1.0	1.00403	1.0	1.0	1.0	1.0	1.0	1.0	1.0	1.0	1.0	1.3014	1.0002	1.0	1.00576	1.0	1.0	1.00001	1.0	1.42172	1.0	1.00011	1.0	1.0	1.0	1.0	1.0	1.0	1.0	1.0	1.0	1.0	1.0	1.20917	1.0	1.0	1.0	1.0	1.0	1.0	1.0	1.19314	1.0	1.0	1.0	1.0
Rx availability strength developing Rx OUD	1.21521	1.22062	1.43809	1.21116	1.2609	1.54355	1.33188	1.29019	1.3237	1.42237	1.2482	1.22488	1.00166	1.27742	1.1305	1.25127	1.15367	1.20952	1.2778	1.21195	1.50925	1.21128	1.23164	0.886677	1.26653	1.18899	1.33978	1.21521	1.94603	1.28259	1.25961	1.23606	1.35931	1.21521	1.16942	1.27082	1.23809	1.24142	1.22149	1.25584	1.21715	1.25237	1.5117	1.23805	1.33239	1.23853	1.25412	1.2275	1.25262	1.27405	1.38259	1.07636	1.24889	1.24399	1.244
Rx availability strength initiating Rx misuse	0.388347	0.343224	0.386776	0.299255	0.380046	0.742986	0.349086	1e-06	0.468319	0.235187	0.512755	0.335277	0.311407	0.417069	0.297712	0.422253	0.42704	0.251589	0.399395	0.35611	0.621035	0.517042	0.362101	0.467046	0.361796	0.344333	0.335951	0.388806	1.12714	0.330159	0.315493	0.32369	0.328246	0.343759	0.351895	0.353164	0.39639	0.411411	0.382289	0.375656	0.312298	0.347629	0.860225	0.43345	0.343384	0.313346	0.363275	0.301691	0.0214088	0.33703	0.339547	0.367186	0.29383	0.36475	0.366853
Rx availability strength net quit Rx misuse	1.04433	1.06408	1.04844	1.01438	1.06993	0.935575	0.816488	0.932037	1.11448	0.91591	1.0967	1.01716	1.06376	1.01779	1.03183	1.03272	1.10212	0.934293	1.02783	1.0412	1.14935	0.97608	1.01228	1.16197	1.07248	1.06883	0.999636	1.04433	1.2013	1.04982	0.965103	0.936017	1.06459	1.03164	1.01679	1.04299	0.966768	1.02791	1.0573	1.15692	1.28509	0.995372	0.884551	0.971448	1.08551	1.06008	1.02603	0.989584	1.3201	1.05237	0.951485	1.19019	1.16245	1.04433	1.0888
Rx vs H availability strength developing HUD with Rx OUD	1.26477	1.25646	1.26477	1.2469	1.26649	1.1221	1.34829	1.31966	1.26128	1.16939	1.43604	1.24017	1.17865	1.25563	1.23935	1.2954	1.25419	0.808351	1.16739	1.25484	1.37286	1.23833	1.25678	1.05232	1.1703	1.24032	1.15982	1.43364	1.44639	1.13676	1.2631	1.20267	1.25123	1.33318	1.27139	1.28563	1.24197	1.25589	1.27201	1.33055	1.27725	1.24163	1.39224	1.23852	1.12677	1.25605	1.22976	1.23534	1.12374	1.26206	1.26805	1.08644	1.22071	1.2639	1.29756
Rx vs H availability strength initiating heroin with Rx OUD	1e-06	1e-06	1e-06	1e-06	1e-06	1e-06	0.000238674	1e-06	1e-06	1e-06	1e-06	1e-06	1e-06	1e-06	1e-06	1e-06	1e-06	1e-06	1e-06	1e-06	1e-06	1e-06	1e-06	1e-06	1e-06	1e-06	1e-06	1e-06	6.59685e-05	1e-06	1e-06	1e-06	1e-06	1e-06	1e-06	1e-06	1e-06	1e-06	1e-06	4.1589e-06	1e-06	1e-06	1e-06	1.00023e-06	1e-06	1e-06	1.07025e-06	1e-06	1e-06	1e-06	1e-06	1e-06	1e-06	1e-06	1e-06
Rx vs H availability strength initiating NDHU with Rx	0.18897	0.180427	0.0813222	0.186305	0.19509	0.266446	0.152786	0.234386	0.197297	0.318995	0.128449	0.184905	0.141118	0.188852	0.200385	0.196879	0.0432732	0.221206	0.0853187	0.19203	0.327332	0.199457	0.190892	0.134628	0.222995	0.193888	0.204122	0.245432	0.238699	0.236256	0.191318	0.21121	0.14607	0.229417	0.190444	0.219153	0.182193	0.188161	0.182691	0.332951	0.191981	0.198307	0.297483	0.187869	0.218895	0.186965	0.175661	0.200013	0.1864	0.191805	0.263015	0.13518	0.148142	0.147219	0.188143
Social influence strength developing HUD	1e-06	1e-06	1e-06	1.0009e-06	1e-06	1e-06	1e-06	1e-06	1e-06	1.13894e-06	1e-06	1e-06	1e-06	1e-06	1e-06	1e-06	1e-06	1e-06	1e-06	1e-06	1e-06	3.1726e-06	1e-06	0.00381418	1e-06	1e-06	1e-06	1e-06	0.00716583	1e-06	1e-06	0.000151693	1e-06	1e-06	1e-06	1e-06	1e-06	1e-06	1e-06	1e-06	1e-06	1e-06	1e-06	1e-06	0.000278711	1.0001e-06	1e-06	1e-06	1e-06	1e-06	1e-06	1e-06	1e-06	0.000598905	1e-06
Social influence strength developing Rx OUD	1e-06	1e-06	0.054138	1e-06	1e-06	1e-06	0.00886213	1e-06	1e-06	1e-06	1e-06	1e-06	0.0638474	1e-06	1e-06	1e-06	0.0231475	1e-06	1e-06	1e-06	1.72764e-05	1e-06	1e-06	0.090428	1e-06	1e-06	4.48416e-06	1e-06	0.00638682	1e-06	1e-06	1e-06	1e-06	0.0474983	0.000105739	1e-06	1e-06	1e-06	1e-06	1e-06	1e-06	1e-06	0.0547508	1e-06	0.00055823	1e-06	1e-06	1e-06	1e-06	1e-06	0.00419869	0.0453079	1e-06	1e-06	1e-06
Social influence strength initiating heroin with Rx OUD	1.95179	1.92268	1.98063	1.95267	1.93608	1.45765	1.90379	1.91938	1.78551	1.96623	1.82153	1.9327	1.95167	1.93276	1.95692	1.8694	1.95787	1.99935	1.95175	1.90465	1.85428	1.98762	1.97421	1.9707	1.93047	1.88406	1.90357	1.95179	1.52179	1.91875	1.97988	1.95535	1.85419	1.95453	1.94329	1.91536	1.93701	1.95553	1.89661	1.94053	1.94558	1.93339	1.81652	1.9872	1.83283	1.89309	1.91898	1.96135	1.92059	1.88433	1.94651	1.94101	1.92925	2.0	1.88915
Social influence strength initiating NDHU no Rx	0.120815	0.130036	0.120772	0.129044	0.122158	0.0390502	0.0816626	0.0736536	0.0845937	0.161751	0.0298737	0.127645	0.0957769	0.124507	0.125237	0.116347	0.0746633	0.113054	0.122216	0.113372	0.17183	0.123738	0.120405	0.16741	0.122734	1e-06	0.10999	0.120815	0.535054	0.102673	0.158195	0.101884	0.147036	0.12625	0.125917	0.0829252	0.0787606	0.138387	0.109964	0.0463685	0.125305	0.116185	0.0175195	0.132373	0.0820917	0.107046	0.0993423	0.140048	0.121685	0.126732	0.112358	0.14842	0.112631	0.115802	0.099806
Social influence strength initiating NDHU with Rx	1.78962	1.78887	1.95174	1.80166	1.73446	1.26093	1.77126	1.74673	1.70999	1.65854	1.67057	1.80867	1.78789	1.76543	1.78896	1.72446	1.92973	1.87295	1.92319	1.79125	1.30703	1.79772	1.82358	1.87281	1.75379	1.81297	1.76559	1.74214	1.50255	1.7414	1.84698	1.75266	1.73043	1.74886	1.78848	1.76218	1.77762	1.79151	1.77632	1.70906	1.76942	1.77388	1.31681	1.82501	1.72625	1.77214	1.75333	1.81002	1.76745	1.75063	1.73781	1.77263	1.84314	1.83597	1.73529
Social influence strength initiating Rx misuse	0.790187	0.829452	0.791075	0.875979	0.788545	0.583868	0.924924	0.885426	0.712177	0.974352	0.690396	0.851449	0.899738	0.792692	0.815664	0.760682	0.774045	0.905808	0.80386	0.8204	0.651232	0.713807	0.813279	0.840638	0.778611	0.858415	0.861014	0.790187	0.0101649	0.809688	0.888255	0.8895	0.875781	0.797984	0.842972	0.822715	0.816691	0.783324	0.788815	0.782297	0.787098	0.83534	0.407888	0.772128	0.853701	0.838768	0.81926	0.874648	0.943348	0.831788	0.845907	0.889265	0.849066	0.962272	0.804354
Time to stabilize remission	9.74248	9.71609	9.40573	9.72368	9.7355	9.36389	9.66801	9.73695	9.73402	9.74297	9.66231	9.7365	9.74248	9.73852	9.78984	9.72891	9.61345	9.82832	9.88046	9.71758	9.45085	9.83884	9.66637	9.90747	9.74222	9.77209	9.75697	9.74248	9.72472	9.76421	9.74726	9.74932	9.70849	9.72932	9.71358	9.73723	9.72213	9.73154	9.73531	9.86538	9.67385	9.71444	9.59348	9.71686	9.77403	9.73757	9.71285	9.73525	9.7255	9.73496	9.6014	9.69733	9.83584	9.6267	10.0667
Tx seeking rate Rx OUD no H total	0.493158	0.494233	0.511091	0.492884	0.493126	0.499487	0.492832	0.490429	0.497337	0.497643	0.48963	0.495551	0.503457	0.492978	0.502274	0.495535	0.518251	0.520199	0.494479	0.495357	0.487592	0.491586	0.491586	0.49506	0.495474	0.502889	0.49402	0.65	0.49003	0.501099	0.497521	0.509211	0.494225	0.65	0.486212	0.494333	0.495438	0.551775	0.446733	0.480972	0.4974	0.49337	0.482077	0.535442	0.468957	0.501941	0.481545	0.494595	0.516146	0.505834	0.483665	0.544741	0.484894	0.527173	0.516306
